0,1,2,3,4,5,6,7,8,9,10,11,12,13,14,15,16,17,18,19,20,21,22,23,24,25,26,27,28,29,30,31,32,33,34,35,36,37,38,39,40,41,42,43,44,45,46,47,48,49,50,51,52,53,54,55,56,57,58,59,60,61,62,63,64,65,66,67,68,69,70,71,72,73,74,75,76,77,78,79,80,81,82,83,84,85,86,87,88,89,90,91,92,93,94
0.0,1254.7,1511.4,1752.1,466.7,439.7,286.9,345.8,474.2,612.1,666.4,708.3,1261.2,1388.2,1536.2,478.8,832.9,761.2,708.3,1081.5,1144.4,1329.5,1311.5,1660.6,1664.5,1402.7,1623.9,1765.7,1727.2,1913.5,1555.1,1712.7,1712.7,1950.9,1926.6,1355.2,1397.0,1442.4,1539.9,1633.5,1682.2,2032.2,2038.5,1028.9,1083.7,1126.3,1200.8,961.8,896.8,954.3,960.6,1236.3,1285.9,1397.6,1450.3,1476.5,1400.4,1598.8,1699.4,1800.3,1327.0,1861.2,1540.8,1259.7,1315.0,1267.9,1392.6,1351.6,1360.2,1393.8,1430.7,1404.7,1374.9,1472.3,1977.2,1999.0,1969.1,1847.3,1953.9,1898.1,1310.9,1363.1,1406.5,1402.4,1327.6,1158.3,1294.4,1336.8,2168.4,2678.5,658.8,758.3,734.8,590.8,528.2
1254.7,0.0,305.8,546.5,651.6,624.6,1094.0,1153.0,539.6,401.8,347.5,351.7,55.6,182.6,330.6,535.1,476.3,404.6,351.7,173.2,110.2,124.0,105.9,1357.4,1353.4,1605.9,418.3,560.2,521.7,708.0,461.6,507.1,507.1,745.3,721.0,149.6,191.4,236.9,334.3,427.9,476.6,826.6,979.5,1232.0,1286.9,1439.6,1404.0,1165.0,405.7,463.2,469.5,1013.1,1062.7,1174.4,1227.1,1253.3,1177.2,1375.6,1469.0,1210.9,1103.8,1156.8,335.2,919.2,974.4,863.9,796.6,1011.1,1019.6,1053.2,1090.2,1064.2,1034.4,1131.8,1034.0,1012.2,1153.7,1163.9,1138.4,1113.1,864.5,711.2,667.7,671.8,746.7,199.6,139.4,141.2,1321.3,1486.3,440.4,539.9,516.4,775.7,713.1
1511.4,305.8,0.0,240.7,788.3,761.4,1350.7,1409.7,676.4,538.5,484.2,488.4,250.2,319.3,403.3,671.8,613.1,541.4,488.4,429.9,366.9,244.4,226.4,1051.5,1047.6,1742.6,491.0,254.3,215.8,402.1,534.2,201.3,201.3,439.5,415.2,156.2,114.4,94.0,28.5,122.1,170.8,520.8,673.7,1368.8,1423.7,1576.4,1540.8,1301.8,542.4,599.9,606.2,1149.9,1426.3,1314.5,1261.8,1235.6,1311.8,1473.4,1163.2,905.1,1385.1,850.9,124.4,1055.9,1111.2,1000.6,933.4,1147.8,1156.4,1189.9,1226.9,1200.9,1171.1,1268.5,728.2,706.4,847.8,858.1,832.6,807.3,1001.3,847.9,804.5,808.6,883.4,456.3,445.2,447.0,1015.5,1180.5,577.2,676.7,653.1,912.4,849.9
1752.1,546.5,240.7,0.0,1029.0,1002.1,1591.4,1650.4,917.1,779.2,724.9,729.1,490.9,560.0,644.0,912.5,853.8,782.1,729.1,670.6,607.7,485.2,467.1,1088.2,1084.2,1983.3,731.7,290.9,252.5,438.8,774.9,237.9,237.9,476.1,451.8,396.9,355.1,334.7,212.2,165.8,207.4,557.4,710.3,1609.5,1664.4,1817.1,1781.5,1542.5,783.1,840.6,846.9,1512.4,1462.9,1351.2,1298.4,1272.2,1348.4,1510.0,1199.8,941.7,1421.7,887.6,282.5,1296.6,1351.9,1241.3,1174.1,1388.5,1397.1,1430.7,1467.6,1441.6,1411.8,1509.2,764.8,743.0,884.5,894.7,869.2,843.9,1242.0,1088.6,1045.2,1049.3,1124.2,697.1,685.9,687.7,1052.1,1217.1,817.9,917.4,893.8,1153.1,1090.6
488.2,651.6,788.3,1029.0,0.0,26.9,179.8,120.8,111.9,249.8,304.1,346.0,596.0,469.0,813.1,116.5,470.6,398.9,346.0,1100.6,1163.6,606.4,588.4,1863.0,1867.0,1605.1,900.8,1042.6,1004.2,1190.5,858.5,989.6,989.6,1227.8,1203.5,632.1,673.9,719.3,816.8,910.4,959.1,1309.1,1462.0,1231.3,1286.2,1328.8,1403.3,1164.3,534.6,592.0,598.3,1438.8,1488.3,1600.0,1652.7,1679.0,1602.8,1801.3,1901.8,2002.8,1529.4,2063.6,817.7,1462.2,1517.4,1470.4,925.5,1554.1,1562.6,1596.2,1633.2,1607.1,1577.4,1674.8,1516.5,1494.7,2171.6,2049.8,2156.3,2100.6,993.4,840.1,796.6,800.7,875.6,1177.4,1313.5,792.8,2370.9,2880.9,296.6,396.1,372.5,124.1,61.6
515.1,624.6,761.4,1002.1,26.9,0.0,152.8,93.9,85.0,222.8,277.1,319.0,569.0,442.0,786.2,89.5,443.7,372.0,319.0,1073.6,1136.6,579.5,561.4,1890.0,1893.9,1632.1,873.9,1015.7,977.2,1163.5,831.5,962.6,962.6,1200.9,1176.5,605.1,647.0,692.4,789.9,883.5,932.2,1282.2,1435.0,1258.2,1313.1,1355.7,1430.2,1191.2,507.6,565.1,571.4,1465.7,1515.3,1627.0,1679.7,1705.9,1629.7,1828.2,1928.8,2029.7,1556.4,2090.6,790.8,1021.1,1076.3,965.8,898.6,1113.0,1121.6,1155.1,1192.1,1166.1,1136.3,1233.7,1489.6,1467.8,2198.5,2076.7,2183.3,2127.5,966.5,813.1,769.7,773.8,848.6,1150.4,1286.5,765.8,2397.8,2907.8,269.6,369.1,345.6,151.1,88.5
286.9,1094.0,1350.7,1591.4,179.8,152.8,0.0,58.9,187.3,325.2,379.5,421.4,1100.5,544.4,1375.5,191.9,546.0,474.3,421.4,920.8,983.8,1168.9,1150.8,1904.4,1908.3,1646.5,1463.2,1605.1,1566.6,1752.9,933.8,1552.0,1552.0,1790.2,1765.9,1194.5,1236.3,1281.8,1379.2,1472.8,1521.5,1871.5,2024.4,1272.7,1327.5,1370.1,1444.7,1205.6,610.0,667.4,673.7,1480.1,1529.7,1641.4,1694.1,1720.3,1644.2,1842.6,1943.2,2044.1,1570.8,2105.0,1380.1,1503.5,1558.8,1511.8,1000.9,1595.4,1604.0,1637.6,1674.5,1648.5,1618.7,1716.1,2079.0,2057.2,2198.6,2091.1,2183.3,2141.9,1554.7,915.5,872.0,876.1,951.0,997.6,1133.7,1176.2,2366.3,2922.3,372.0,471.5,447.9,303.9,241.3
345.8,1153.0,1409.7,1650.4,120.8,93.9,58.9,0.0,128.4,266.2,320.5,362.4,1159.4,485.5,1434.5,132.9,487.1,415.4,362.4,979.7,1042.7,1227.8,1209.7,1963.3,1967.3,1705.4,1522.2,1664.0,1625.5,1811.8,874.9,1610.9,1610.9,1849.2,1824.8,1253.4,1295.3,1340.7,1438.2,1531.7,1580.5,1930.5,2083.3,1331.6,1386.5,1429.1,1503.6,1264.6,551.0,608.5,614.8,1539.1,1588.6,1700.3,1753.0,1779.3,1703.1,1901.6,2002.1,2103.1,1629.7,2163.9,1439.1,1064.5,1119.8,1009.2,942.0,1156.4,1165.0,1198.5,1235.5,1209.5,1179.7,1277.1,2137.9,2116.1,2257.5,2150.1,2242.3,2200.9,1009.9,856.5,813.1,817.2,892.0,1056.6,1192.6,1235.1,2425.2,2981.2,313.0,412.5,389.0,245.0,182.4
474.2,539.6,676.4,917.1,111.9,85.0,187.3,128.4,0.0,137.8,192.1,234.0,484.0,357.0,701.2,4.5,358.7,287.0,234.0,1108.1,600.8,494.5,476.5,1454.3,1458.3,1717.1,788.9,930.7,892.2,1078.5,746.5,877.7,877.7,1115.9,1091.5,520.1,562.0,607.4,704.9,798.5,847.2,1197.2,1350.0,1343.2,1398.1,1440.7,1515.2,1276.2,422.6,480.1,486.4,1030.1,1079.6,1191.3,1244.0,1270.2,1194.1,1392.6,1493.1,1594.1,1120.7,1654.9,705.8,936.1,991.4,880.8,813.6,1028.0,1036.6,1070.1,1107.1,1081.1,1051.3,1148.7,1404.6,1382.8,1524.2,1641.1,1509.0,1691.9,881.5,728.1,684.7,688.8,763.6,690.2,679.0,680.8,1691.9,1856.8,184.6,284.1,260.6,236.1,173.5
612.1,401.8,538.5,779.2,249.8,222.8,325.2,266.2,137.8,0.0,54.3,96.2,346.2,219.2,563.3,133.3,220.8,149.1,96.2,525.9,462.9,356.7,338.6,1316.5,1320.4,1485.0,651.0,792.9,754.4,940.7,608.7,739.8,739.8,978.0,953.7,382.3,424.1,469.6,567.0,660.6,709.3,1059.3,1212.2,1111.1,1166.0,1318.7,1283.1,1044.1,284.8,342.2,348.5,892.2,941.8,1053.5,1106.2,1132.4,1056.2,1254.7,1355.3,1456.2,982.9,1517.1,567.9,798.3,853.5,743.0,675.7,890.2,898.7,932.3,969.3,943.2,913.5,1010.9,1266.8,1245.0,1386.4,1503.2,1371.1,1554.0,743.6,590.3,546.8,550.9,625.8,552.3,541.2,543.0,1554.1,1719.0,46.8,146.3,122.7,373.9,311.4
666.4,347.5,484.2,724.9,304.1,277.1,379.5,320.5,192.1,54.3,0.0,41.9,291.9,164.9,509.0,187.6,166.6,94.8,41.9,471.6,408.6,302.4,284.3,1262.2,1266.1,1430.7,596.7,738.6,700.1,886.4,554.4,685.5,685.5,923.7,899.4,328.0,369.8,415.3,512.7,606.3,655.0,1005.0,1157.9,1056.8,1111.7,1264.4,1228.8,989.8,230.5,288.0,294.2,837.9,887.5,999.2,1051.9,1078.1,1001.9,1200.4,1301.0,1401.9,928.6,1462.8,513.6,744.0,799.2,688.7,621.4,835.9,844.4,878.0,915.0,888.9,859.2,956.6,1212.5,1190.7,1332.1,1448.9,1316.8,1499.7,689.3,536.0,492.5,496.6,571.5,498.0,486.9,488.7,1499.8,1664.7,93.0,192.5,168.9,428.2,365.6
708.3,351.7,488.4,729.1,346.0,319.0,421.4,362.4,234.0,96.2,41.9,0.0,296.1,169.1,513.2,229.5,124.7,53.0,0.0,475.8,412.8,306.5,288.5,1266.4,1270.3,1434.9,600.9,742.7,704.2,890.6,558.5,689.7,689.7,927.9,903.6,332.2,374.0,419.4,516.9,610.5,659.2,1009.2,1162.1,1061.0,1115.9,1268.6,1233.0,994.0,234.6,292.1,298.4,842.1,891.6,1003.4,1056.1,1082.3,1006.1,1204.6,1305.1,1406.1,932.8,1467.0,517.8,748.1,803.4,692.9,625.6,840.1,848.6,882.2,919.1,893.1,863.3,960.7,1216.6,1194.8,1336.2,1453.1,1321.0,1503.9,693.5,540.2,496.7,500.8,575.7,502.2,491.0,492.9,1503.9,1668.9,134.8,234.3,210.8,470.1,407.5
1261.2,55.6,250.2,490.9,596.0,569.0,1100.5,1159.4,484.0,346.2,291.9,296.1,0.0,127.0,275.0,479.5,420.7,349.0,296.1,179.7,116.7,68.4,50.3,1301.8,1297.8,1550.3,362.7,504.6,466.1,652.4,406.0,451.5,451.5,689.7,665.4,94.0,135.8,181.3,278.7,372.3,421.0,771.0,923.9,1176.4,1231.3,1384.0,1348.4,1109.4,350.1,407.6,413.9,957.5,1007.1,1118.8,1171.5,1197.7,1121.6,1320.0,1413.4,1155.3,1048.2,1101.2,279.6,863.6,918.8,808.3,741.0,955.5,964.0,997.6,1034.6,1008.6,978.8,1076.2,978.4,956.6,1098.1,1108.3,1082.8,1057.5,808.9,655.6,612.1,616.2,691.1,206.1,195.0,196.8,1265.7,1430.7,384.8,484.3,460.8,720.1,657.5
1388.2,182.6,319.3,560.0,469.0,442.0,544.4,485.5,357.0,219.2,164.9,169.1,127.0,0.0,344.1,352.5,293.7,222.0,169.1,306.7,243.7,137.5,119.4,1254.8,1258.7,1423.3,431.8,573.7,535.2,721.5,547.0,520.6,520.6,758.8,734.5,163.1,204.9,250.4,347.8,441.4,490.1,840.1,993.0,1049.5,1104.3,1257.0,1221.5,982.4,223.1,280.6,286.9,830.6,880.1,991.8,1044.5,1070.7,994.6,1193.0,1293.6,1224.4,921.2,1170.3,348.7,736.6,791.8,681.3,614.1,828.5,837.1,870.6,907.6,881.6,851.8,949.2,1047.5,1025.7,1167.2,1177.4,1151.9,1126.6,682.0,528.6,485.1,489.2,564.1,333.1,321.9,323.8,1334.8,1499.8,257.9,357.4,333.8,593.1,530.6
1536.2,330.6,403.3,644.0,813.1,786.2,1375.5,1434.5,701.2,563.3,509.0,513.2,275.0,344.1,0.0,696.6,637.9,566.2,513.2,454.7,391.8,269.3,251.2,1454.8,1450.9,1217.6,87.7,657.6,619.1,805.4,130.9,604.6,604.6,842.8,818.5,247.1,288.9,334.3,431.8,525.4,574.1,924.1,1077.0,843.8,898.7,1051.4,1015.8,776.8,567.2,624.7,631.0,624.9,674.4,786.1,838.8,865.0,788.9,987.4,1566.5,1308.4,715.5,1254.2,432.7,530.9,586.2,475.6,408.4,622.8,631.4,664.9,701.9,675.9,646.1,743.5,1131.5,1109.7,1251.1,1261.4,1235.9,1210.6,476.3,322.9,279.5,283.6,358.4,481.2,470.0,471.8,1418.8,1583.8,602.0,701.5,677.9,937.3,874.7
478.8,535.1,671.8,912.5,116.5,89.5,191.9,132.9,4.5,133.3,187.6,229.5,479.5,352.5,696.6,0.0,354.2,282.4,229.5,659.2,596.2,490.0,471.9,1449.8,1453.7,1721.6,784.4,926.2,887.7,1074.0,742.0,873.1,873.1,1111.3,1087.0,515.6,557.5,602.9,700.3,793.9,842.6,1192.6,1345.5,1347.8,1402.7,1445.2,1519.8,1280.7,418.1,475.6,481.9,1025.5,1075.1,1186.8,1239.5,1265.7,1189.6,1388.0,1488.6,1589.5,1116.2,1650.4,701.3,931.6,986.8,876.3,809.0,1023.5,1032.0,1065.6,1102.6,1076.6,1046.8,1144.2,1400.1,1378.3,1519.7,1636.5,1504.4,1687.3,876.9,723.6,680.1,684.2,759.1,685.6,674.5,676.3,1687.4,1852.3,180.1,279.6,256.0,240.6,178.0
832.9,476.3,613.1,853.8,470.6,443.7,546.0,487.1,358.7,220.8,166.6,124.7,420.7,293.7,637.9,354.2,0.0,71.7,124.7,600.4,537.5,431.2,413.2,1391.0,1395.0,1559.5,725.6,867.4,828.9,1015.2,683.2,814.4,814.4,1052.6,1028.2,456.8,498.7,544.1,641.6,735.2,783.9,1133.9,1286.7,1185.7,1240.6,1393.3,1357.7,1118.7,359.3,416.8,423.1,966.8,1016.3,1128.0,1180.7,1206.9,1130.8,1329.3,1429.8,1530.8,1057.4,1591.6,642.5,872.8,928.0,817.5,750.3,964.7,973.3,1006.8,1043.8,1017.8,988.0,1085.4,1341.3,1319.5,1460.9,1577.8,1445.7,1628.5,818.2,664.8,621.4,625.5,700.3,626.9,615.7,617.5,1628.6,1793.5,259.5,359.0,335.5,594.8,532.2
761.2,404.6,541.4,782.1,398.9,372.0,474.3,415.4,287.0,149.1,94.8,53.0,349.0,222.0,566.2,282.4,71.7,0.0,53.0,528.7,465.7,359.5,341.4,1319.3,1323.2,1487.8,653.9,795.7,757.2,943.5,611.5,742.6,742.6,980.9,956.5,385.1,427.0,472.4,569.9,663.4,712.1,1062.2,1215.0,1114.0,1168.8,1321.5,1286.0,1046.9,287.6,345.1,351.4,895.1,944.6,1056.3,1109.0,1135.2,1059.1,1257.5,1358.1,1459.0,985.7,1519.9,570.8,801.1,856.3,745.8,678.6,893.0,901.6,935.1,972.1,946.1,916.3,1013.7,1269.6,1247.8,1389.2,1506.0,1373.9,1556.8,746.5,593.1,549.6,553.7,628.6,555.1,544.0,545.8,1556.9,1721.8,187.8,287.3,263.7,523.0,460.5
708.3,351.7,488.4,729.1,346.0,319.0,421.4,362.4,234.0,96.2,41.9,0.0,296.1,169.1,513.2,229.5,124.7,53.0,0.0,475.8,412.8,306.5,288.5,1266.4,1270.3,1434.9,600.9,742.7,704.2,890.6,558.5,689.7,689.7,927.9,903.6,332.2,374.0,419.4,516.9,610.5,659.2,1009.2,1162.1,1061.0,1115.9,1268.6,1233.0,994.0,234.6,292.1,298.4,842.1,891.6,1003.4,1056.1,1082.3,1006.1,1204.6,1305.1,1406.1,932.8,1467.0,517.8,748.1,803.4,692.9,625.6,840.1,848.6,882.2,919.1,893.1,863.3,960.7,1216.6,1194.8,1336.2,1453.1,1321.0,1503.9,693.5,540.2,496.7,500.8,575.7,502.2,491.0,492.9,1503.9,1668.9,134.8,234.3,210.8,470.1,407.5
1081.5,173.2,429.9,670.6,1100.6,1073.6,920.8,979.7,663.7,525.9,471.6,475.8,179.7,306.7,454.7,659.2,600.4,528.7,475.8,0.0,63.0,248.0,230.0,1481.5,1477.5,1730.0,542.4,684.2,645.8,832.1,585.7,631.2,631.2,869.4,845.1,273.7,315.5,360.9,458.4,552.0,600.7,950.7,1103.6,1356.1,1411.0,2164.7,1528.1,1289.1,529.8,587.3,593.5,1137.2,1186.8,1298.5,1351.2,1377.4,1301.2,1499.7,1593.1,1335.0,1227.9,1280.9,459.3,1043.3,1098.5,988.0,920.7,1135.2,1143.7,1177.3,1214.3,1188.2,1158.5,1255.9,1158.1,1136.3,1277.8,1288.0,1262.5,1237.2,988.6,835.3,791.8,795.9,870.8,76.8,212.9,255.4,1445.4,1610.4,564.5,664.0,640.5,1224.7,1162.1
1144.4,110.2,366.9,607.6,1163.6,1136.6,983.8,1042.7,600.8,462.9,408.6,412.8,116.7,243.7,391.8,596.2,537.5,465.7,412.8,63.0,0.0,185.1,167.0,1418.5,1414.5,1667.0,479.5,621.3,582.8,769.1,522.7,568.2,568.2,806.4,782.1,210.7,252.6,298.0,395.4,489.0,537.7,887.8,1040.6,1293.2,1348.1,1500.7,1465.2,1226.1,466.8,524.3,530.6,1074.3,1123.8,1235.5,1288.2,1314.4,1238.3,1436.7,1530.1,1272.0,1164.9,1217.9,396.4,980.3,1035.5,925.0,857.8,1072.2,1080.8,1114.3,1151.3,1125.3,1095.5,1192.9,1095.2,1073.4,1214.8,1225.0,1199.5,1174.2,925.7,772.3,728.9,733.0,807.8,89.4,225.5,251.4,1382.5,1547.4,501.6,601.1,577.5,1287.7,1225.1
1329.5,124.0,244.4,485.2,606.4,579.5,1168.9,1227.8,494.5,356.7,302.4,306.5,68.4,137.5,269.3,490.0,431.2,359.5,306.5,248.0,185.1,0.0,18.0,1296.0,1292.1,1560.8,357.0,498.8,460.3,646.6,400.2,445.7,445.7,683.9,659.6,88.2,130.1,175.5,272.9,366.5,415.2,765.3,918.1,1186.9,1241.8,1394.5,1358.9,1119.9,360.6,418.0,424.3,968.0,1017.5,1129.3,1182.0,1208.2,1132.0,1330.5,1407.6,1149.5,1058.7,1095.4,273.9,874.1,929.3,818.8,751.5,966.0,974.5,1008.1,1045.0,1019.0,989.2,1086.6,972.7,950.9,1092.3,1102.5,1077.0,1051.7,819.4,666.1,622.6,626.7,701.6,274.5,263.3,265.2,1260.0,1424.9,395.3,494.8,471.3,730.6,668.0
1311.5,105.9,226.4,467.1,588.4,561.4,1150.8,1209.7,476.5,338.6,284.3,288.5,50.3,119.4,251.2,471.9,413.2,341.4,288.5,230.0,167.0,18.0,0.0,1277.9,1274.0,1542.7,338.9,480.7,442.2,628.5,382.1,427.7,427.7,665.9,641.6,70.2,112.0,157.4,254.9,348.5,397.2,747.2,900.1,1168.9,1223.8,1376.4,1340.9,1101.8,342.5,400.0,406.3,950.0,999.5,1111.2,1163.9,1190.1,1114.0,1312.4,1389.6,1131.5,1040.6,1077.3,255.8,856.0,911.2,800.7,733.5,947.9,956.5,990.0,1027.0,1001.0,971.2,1068.6,954.6,932.8,1074.2,1084.5,1059.0,1033.7,801.4,648.0,604.6,608.7,683.5,256.4,245.3,247.1,1241.9,1406.9,377.3,476.8,453.2,712.5,650.0
1617.4,1357.4,1051.5,1088.2,1300.1,1327.0,1479.9,1420.9,1412.0,1262.7,1208.4,1212.6,1301.8,1201.0,1454.8,1416.6,1337.2,1265.5,1212.6,1481.5,1418.5,1296.0,1277.9,0.0,3.9,1213.7,907.6,879.6,841.1,765.2,864.4,850.3,850.3,802.5,778.2,1207.8,1165.9,1145.6,1023.0,976.6,880.8,530.7,377.9,839.8,894.7,1047.4,1011.8,772.8,977.9,920.5,914.2,424.3,374.7,263.0,210.3,184.1,260.2,526.9,111.6,139.7,333.6,200.6,1093.4,569.1,624.3,577.3,701.9,661.0,669.5,703.1,740.1,714.0,684.3,781.7,316.6,338.4,308.5,186.7,293.3,237.5,620.2,672.4,715.9,711.8,636.9,1507.9,1496.7,1498.6,507.9,672.8,1301.4,1400.9,1377.3,1366.7,1304.1
1621.3,1353.4,1047.6,1084.2,1304.0,1331.0,1483.8,1424.9,1416.0,1266.6,1212.4,1216.5,1297.8,1205.0,1450.9,1420.5,1341.2,1269.5,1216.5,1477.5,1414.5,1292.1,1274.0,3.9,0.0,1217.6,911.6,875.6,837.1,761.2,868.4,846.3,846.3,798.6,774.3,1203.8,1162.0,1141.6,1019.1,972.7,876.8,526.8,373.9,843.8,898.7,1051.4,1015.8,776.8,981.9,924.4,918.1,428.2,378.7,266.9,214.2,188.0,264.2,523.0,115.6,135.8,337.5,196.7,1089.4,573.0,628.2,581.2,705.8,664.9,673.5,707.0,744.0,718.0,688.2,785.6,312.7,334.5,304.6,182.8,289.4,233.6,624.2,676.4,719.8,715.7,640.9,1504.0,1492.8,1494.6,503.9,668.9,1305.3,1404.8,1381.3,1370.6,1308.1
517.1,738.0,874.7,1115.4,86.4,113.3,266.2,207.2,198.3,336.2,390.5,432.4,682.4,555.4,899.5,202.9,557.0,485.3,432.4,1187.0,1249.9,692.8,674.8,1891.9,1895.8,0.0,987.2,1129.0,1090.5,1276.8,944.8,1076.0,1076.0,1314.2,1289.9,718.5,760.3,805.7,903.2,996.8,1045.5,1395.5,1548.4,1260.2,1315.1,1357.6,1432.2,1193.1,620.9,678.4,684.7,1467.7,1517.2,1628.9,1681.6,1707.8,1631.7,1830.1,1930.7,2031.6,1558.3,2092.5,904.1,1491.1,1546.3,1499.3,1011.9,1583.0,1591.5,1625.1,1662.0,1636.0,1606.2,1703.6,2208.5,2230.3,2200.4,2078.6,2185.2,2129.4,1079.8,926.5,883.0,887.1,962.0,1263.8,1399.9,879.2,2399.8,2909.8,383.0,482.4,458.9,153.0,90.4
1623.9,418.3,491.0,731.7,1216.3,874.7,1463.2,1522.2,789.7,651.9,597.6,601.8,362.7,431.8,87.7,785.2,726.4,654.7,601.8,542.4,479.5,357.0,338.9,961.4,965.4,1129.9,0.0,745.3,706.8,893.2,43.2,692.3,692.3,930.5,906.2,334.8,376.6,422.0,519.5,613.1,661.8,1011.8,1164.7,756.1,811.0,963.6,928.1,689.0,367.1,309.6,303.4,537.2,586.7,698.4,751.1,777.3,701.2,899.7,1000.2,1101.2,627.8,1162.0,520.4,443.2,498.4,387.9,320.7,535.1,543.7,577.2,614.2,588.2,558.4,655.8,1219.2,1197.4,1338.8,1148.2,1323.6,1298.3,388.6,235.2,191.8,195.9,270.7,568.9,557.7,559.5,1506.5,1671.5,690.6,790.1,766.5,1282.9,1220.4
1765.7,560.2,254.3,290.9,1042.6,1015.7,1605.1,1664.0,930.7,792.9,738.6,742.7,504.5,573.7,657.6,926.2,867.4,795.7,742.7,684.2,621.3,498.8,480.7,879.6,875.6,2093.3,745.3,0.0,38.5,230.2,788.6,53.0,53.0,267.5,243.2,410.6,368.7,348.4,225.8,179.4,83.5,348.8,501.7,1719.4,1774.3,1927.0,1891.4,1652.4,796.8,854.2,860.5,1303.8,1254.3,1142.6,1089.8,1063.6,1139.8,1301.4,991.2,733.1,1213.1,679.0,296.1,1448.6,1503.9,1456.8,1187.7,1540.5,1549.1,1582.7,1619.6,1593.6,1563.8,1661.2,556.2,534.4,675.9,686.1,660.6,635.3,1499.8,1102.3,1058.8,1062.9,1137.8,710.7,699.5,701.4,843.5,1008.5,831.5,931.0,907.5,1166.8,1104.2
1727.2,521.7,215.8,252.5,1004.2,977.2,1566.6,1625.5,892.2,754.4,700.1,704.2,466.1,535.2,619.1,887.7,828.9,757.2,704.2,645.8,582.8,460.3,442.2,841.1,837.1,2054.8,706.8,38.5,0.0,191.7,750.1,14.6,14.6,229.0,204.7,372.1,330.2,309.9,187.3,140.9,45.0,310.3,463.2,1680.9,1735.8,1888.5,1852.9,1613.9,758.3,815.7,822.0,1265.3,1215.8,1104.1,1051.4,1025.1,1101.3,1262.9,952.7,694.6,1174.7,640.5,257.6,1410.1,1465.4,1418.4,1149.2,1502.1,1510.6,1544.2,1581.1,1555.1,1525.3,1622.7,517.8,496.0,637.4,647.6,622.1,596.8,1461.3,1063.8,1020.3,1024.4,1099.3,672.2,661.0,662.9,805.1,970.0,793.0,892.5,869.0,1128.3,1065.7
1913.5,708.0,402.1,438.8,1190.5,1163.5,1752.9,1811.8,1078.5,940.7,886.4,890.6,652.4,721.5,805.4,1074.0,1015.2,943.5,890.6,832.1,769.1,646.6,628.5,765.2,761.2,1978.9,893.2,230.2,191.7,0.0,936.4,200.9,200.9,37.4,13.0,558.4,516.5,496.2,373.6,327.2,231.4,234.4,387.3,1605.0,1659.9,1812.6,1777.0,1538.0,944.6,1002.0,1008.3,1189.4,1139.9,1028.2,975.5,949.3,1025.4,1187.0,876.8,618.7,1098.8,564.6,444.0,1334.3,1389.5,1342.5,1467.1,1426.2,1434.7,1468.3,1505.2,1479.2,1449.4,1546.8,441.9,420.1,561.5,571.7,546.2,520.9,1385.4,1437.6,1206.6,1210.7,1402.1,858.5,847.3,849.2,729.2,894.1,979.3,1078.8,1055.3,1314.6,1252.0
1490.4,461.6,534.2,774.9,1173.1,831.5,933.8,874.9,746.5,608.7,554.4,558.5,406.0,547.0,130.9,742.0,683.2,611.5,558.5,585.7,522.7,400.2,382.1,918.2,922.1,1086.7,43.2,788.6,750.1,936.4,0.0,735.5,735.5,973.7,949.4,378.0,419.8,465.3,562.7,656.3,705.0,1055.0,1296.1,712.8,767.7,920.4,884.8,645.8,323.9,266.4,260.1,493.9,543.5,655.2,707.9,734.1,658.0,856.4,957.0,1057.9,584.6,1118.8,563.7,400.0,455.2,344.7,277.4,491.9,500.4,534.0,571.0,545.0,515.2,612.6,1234.8,1256.6,1226.7,1104.9,1211.5,1155.7,345.4,192.0,148.5,152.6,227.5,612.1,600.9,602.8,1426.0,1591.0,647.3,746.8,723.3,1239.7,1177.2
1712.7,507.1,201.3,237.9,989.6,962.6,1552.0,1610.9,877.7,739.8,685.5,689.7,451.5,520.6,604.6,873.1,814.4,742.6,689.7,631.2,568.2,445.7,427.7,850.3,846.3,2064.0,692.3,53.0,14.6,200.9,735.5,0.0,0.0,238.2,213.9,357.5,315.7,295.3,172.8,126.4,30.5,319.5,472.4,1690.1,1745.0,1897.7,1862.1,1623.1,743.7,801.2,807.5,1274.5,1225.0,1113.3,1060.5,1034.3,1110.5,1272.1,961.9,703.8,1183.8,649.7,243.1,1419.3,1474.6,1427.5,1134.7,1511.2,1519.8,1553.4,1590.3,1564.3,1534.5,1631.9,526.9,505.1,646.5,656.8,631.3,606.0,1470.5,1049.2,1005.8,1009.9,1084.7,657.6,646.5,648.3,814.2,979.2,778.5,878.0,854.4,1113.7,1051.2
1712.7,507.1,201.3,237.9,989.6,962.6,1552.0,1610.9,877.7,739.8,685.5,689.7,451.5,520.6,604.6,873.1,814.4,742.6,689.7,631.2,568.2,445.7,427.7,850.3,846.3,2064.0,692.3,53.0,14.6,200.9,735.5,0.0,0.0,238.2,213.9,357.5,315.7,295.3,172.8,126.4,30.5,319.5,472.4,1690.1,1745.0,1897.7,1862.1,1623.1,743.7,801.2,807.5,1274.5,1225.0,1113.3,1060.5,1034.3,1110.5,1272.1,961.9,703.8,1183.8,649.7,243.1,1419.3,1474.6,1427.5,1134.7,1511.2,1519.8,1553.4,1590.3,1564.3,1534.5,1631.9,526.9,505.1,646.5,656.8,631.3,606.0,1470.5,1049.2,1005.8,1009.9,1084.7,657.6,646.5,648.3,814.2,979.2,778.5,878.0,854.4,1113.7,1051.2
1950.9,745.3,439.5,476.1,1227.8,1200.9,1790.2,1849.2,1115.9,978.0,923.7,927.9,689.7,758.8,842.8,1111.3,1052.6,980.9,927.9,869.4,806.4,683.9,665.9,802.5,798.6,2016.2,930.5,267.5,229.0,37.4,973.7,238.2,238.2,0.0,24.3,595.7,553.9,533.5,411.0,364.6,268.7,271.8,424.6,1642.4,1697.3,1849.9,1814.4,1575.3,981.9,1039.4,1045.7,1226.8,1177.3,1065.5,1012.8,986.6,1062.8,1224.4,914.2,656.1,1136.1,601.9,481.3,1371.6,1426.8,1379.8,1504.4,1463.5,1472.1,1505.6,1542.6,1516.6,1486.8,1584.2,479.2,457.4,598.8,609.1,583.6,558.3,1422.8,1475.0,1244.0,1248.1,1439.4,895.8,884.7,886.5,766.5,931.5,1016.7,1116.2,1092.6,1351.9,1289.4
1926.6,721.0,415.2,451.8,1203.5,1176.5,1765.9,1824.8,1091.5,953.7,899.4,903.6,665.4,734.5,818.5,1087.0,1028.2,956.5,903.6,845.1,782.1,659.6,641.6,778.2,774.3,1991.9,906.2,243.2,204.7,13.0,949.4,213.9,213.9,24.3,0.0,571.4,529.5,509.2,386.7,340.2,244.4,247.5,400.3,1618.0,1672.9,1825.6,1790.0,1551.0,957.6,1015.1,1021.4,1202.4,1152.9,1041.2,988.5,962.3,1038.4,1200.0,889.8,631.7,1111.8,577.6,457.0,1347.3,1402.5,1355.5,1480.1,1439.2,1447.7,1481.3,1518.3,1492.2,1462.5,1559.9,454.9,433.1,574.5,584.7,559.2,533.9,1398.4,1450.6,1219.6,1223.7,1415.1,871.5,860.3,862.2,742.2,907.1,992.3,1091.8,1068.3,1327.6,1265.0
1355.2,149.6,156.2,396.9,632.1,605.1,1194.5,1253.4,520.1,382.3,328.0,332.2,94.0,163.1,247.1,515.6,456.8,385.1,332.2,273.7,210.7,88.2,70.2,1207.8,1203.8,1586.4,334.8,410.6,372.1,558.4,378.0,357.5,357.5,595.7,571.4,0.0,41.8,87.3,184.7,278.3,327.0,677.0,829.9,1212.6,1267.4,1420.1,1384.5,1145.5,386.2,443.7,450.0,993.7,1043.2,1154.9,1418.1,1391.8,1157.7,1356.1,1319.4,1061.3,1084.3,1007.2,185.6,899.7,954.9,844.4,777.2,991.6,1000.2,1033.7,1070.7,1044.7,1014.9,1112.3,884.4,862.6,1004.1,1014.3,988.8,963.5,845.1,691.7,648.2,652.3,727.2,300.1,289.0,290.8,1171.8,1336.7,421.0,520.5,496.9,756.2,693.7
1397.0,191.4,114.4,355.1,673.9,647.0,1236.3,1295.3,562.0,424.1,369.8,374.0,135.8,204.9,288.9,557.5,498.7,427.0,374.0,315.5,252.6,130.1,112.0,1165.9,1162.0,1628.3,376.6,368.7,330.2,516.5,419.8,315.7,315.7,553.9,529.5,41.8,0.0,45.4,142.9,236.5,285.2,635.2,788.0,1254.4,1309.3,1462.0,1426.4,1187.4,428.0,485.5,491.8,1035.5,1085.0,1428.9,1376.2,1350.0,1426.2,1587.8,1277.6,1019.5,1126.2,965.3,143.8,941.5,996.8,886.2,819.0,1033.4,1042.0,1075.6,1112.5,1086.5,1056.7,1154.1,842.6,820.8,962.2,972.5,947.0,921.7,886.9,733.5,690.1,694.2,769.1,342.0,330.8,332.6,1129.9,1294.9,462.8,562.3,538.8,798.1,735.5
1442.4,236.9,94.0,334.7,719.3,692.4,1281.8,1340.7,607.4,469.6,415.3,419.4,181.3,250.4,334.3,602.9,544.1,472.4,419.4,360.9,298.0,175.5,157.4,1145.6,1141.6,1673.7,422.0,348.4,309.9,496.2,465.3,295.3,295.3,533.5,509.2,87.3,45.4,0.0,122.5,216.1,264.8,614.8,767.7,1299.8,1354.7,1507.4,1471.8,1232.8,473.5,530.9,537.2,1080.9,1130.4,1408.6,1355.9,1329.6,1405.8,1567.4,1257.2,999.1,1171.6,945.0,123.4,987.0,1042.2,931.7,864.4,1078.9,1087.4,1121.0,1157.9,1131.9,1102.1,1199.5,822.2,800.4,941.9,952.1,926.6,901.3,932.3,779.0,735.5,739.6,814.5,387.4,376.2,378.1,1109.6,1274.5,508.2,607.7,584.2,843.5,780.9
1539.9,334.3,28.5,212.2,816.8,789.9,1379.2,1438.2,704.9,567.0,512.7,516.9,278.7,347.8,431.8,700.3,641.6,569.9,516.9,458.4,395.4,272.9,254.9,1023.0,1019.1,1771.1,519.5,225.8,187.3,373.6,562.7,172.8,172.8,411.0,386.7,184.7,142.9,122.5,0.0,93.6,142.3,492.3,645.2,1397.3,1452.2,1604.9,1569.3,1330.3,570.9,628.4,634.7,1447.3,1397.8,1286.0,1233.3,1207.1,1283.3,1444.9,1134.7,876.6,1356.6,822.4,152.9,1084.4,1139.7,1029.1,961.9,1176.3,1184.9,1218.4,1255.4,1229.4,1199.6,1297.0,699.7,677.9,819.3,829.6,804.1,778.8,1029.8,876.4,833.0,837.1,911.9,484.8,473.7,475.5,987.0,1152.0,605.7,705.2,681.6,940.9,878.4
1633.5,427.9,122.1,165.8,910.4,883.5,1472.8,1531.7,798.5,660.6,606.3,610.5,372.3,441.4,525.4,793.9,735.2,663.4,610.5,552.0,489.0,366.5,348.5,976.6,972.7,1864.7,613.1,179.4,140.9,327.2,656.3,126.4,126.4,364.6,340.2,278.3,236.5,216.1,93.6,0.0,95.9,445.9,598.7,1490.9,1545.8,1698.4,1662.9,1423.8,664.5,722.0,728.3,1400.9,1351.4,1239.6,1186.9,1160.7,1236.9,1398.5,1088.3,830.2,1310.2,776.0,116.7,1178.0,1233.2,1122.7,1055.5,1269.9,1278.5,1312.0,1349.0,1323.0,1293.2,1390.6,653.3,631.5,772.9,783.2,757.7,732.4,1123.4,970.0,926.6,930.7,1005.5,578.4,567.3,569.1,940.6,1105.6,699.3,798.8,775.2,1034.5,972.0
1682.2,476.6,170.8,207.4,959.1,932.2,1521.5,1580.5,847.2,709.3,655.0,659.2,421.0,490.1,574.1,842.6,783.9,712.1,659.2,600.7,537.7,415.2,397.2,880.8,876.8,2094.5,661.8,83.5,45.0,231.4,705.0,30.5,30.5,268.7,244.4,327.0,285.2,264.8,142.3,95.9,0.0,350.0,502.9,1720.6,1775.5,1928.2,1892.6,1653.6,713.2,770.7,777.0,1305.0,1255.5,1143.8,1091.0,1064.8,1141.0,1302.6,992.4,734.3,1214.3,680.2,212.6,1449.8,1505.1,1458.0,1104.2,1541.7,1550.3,1583.9,1620.8,1594.8,1565.0,1662.4,557.4,535.6,677.0,687.3,661.8,636.5,1172.1,1018.7,975.3,979.4,1054.2,627.1,616.0,617.8,844.7,1009.7,748.0,847.5,823.9,1083.2,1020.7
2032.2,826.6,520.8,557.4,1830.8,1282.2,1871.5,1930.5,1197.2,1059.3,1005.0,1009.2,771.0,840.1,924.1,1192.6,1133.9,1062.2,1009.2,950.7,887.8,765.3,747.2,530.7,526.8,1744.4,1011.8,348.8,310.3,234.4,1055.0,319.5,319.5,271.8,247.5,677.0,635.2,614.8,492.3,445.9,350.0,0.0,152.9,1370.6,1425.5,1578.1,1542.6,1303.6,1063.2,1120.7,1127.0,955.0,905.5,793.7,741.0,714.8,791.0,952.6,642.4,384.3,864.3,330.1,562.6,1099.8,1155.0,1108.0,1232.6,1191.7,1200.3,1233.8,1270.8,1244.8,1215.0,1312.4,207.4,185.6,327.0,337.3,311.8,286.5,1151.0,1203.2,1246.6,1242.5,1167.6,977.2,966.0,967.8,494.7,659.7,1098.0,1197.5,1174.0,1897.4,1834.9
1995.3,979.5,673.7,710.3,1678.0,1704.9,2024.4,1798.8,1350.0,1212.2,1157.9,1162.1,923.9,993.0,1077.0,1345.5,1286.7,1215.0,1162.1,1103.6,1040.6,918.1,900.1,377.9,373.9,1591.6,1164.7,501.7,463.2,387.3,1242.3,472.4,472.4,424.6,400.3,829.9,788.0,767.7,645.2,598.7,502.9,152.9,0.0,1217.7,1272.6,1425.3,1389.7,1150.7,1355.8,1298.3,1292.0,802.1,752.6,640.9,588.2,562.0,638.1,799.7,489.5,364.5,711.5,177.3,715.5,947.0,1002.2,955.2,1079.8,1038.9,1047.4,1081.0,1117.9,1091.9,1062.1,1159.5,189.8,168.0,309.4,319.6,294.1,268.8,998.1,1050.3,1093.8,1089.7,1014.8,1130.0,1118.9,1120.7,341.9,506.8,1250.9,1350.3,1326.8,1744.6,1682.0
1002.3,1270.1,1406.9,1647.6,460.2,487.2,640.0,581.1,572.2,710.0,764.3,806.2,1214.5,1087.5,881.9,576.7,930.9,859.2,806.2,1560.8,1331.3,1225.0,1207.0,856.4,860.4,373.9,794.2,1736.0,1697.5,1621.6,750.9,1706.7,1706.7,1659.0,1634.6,1250.6,1292.5,1337.9,1435.4,1529.0,1737.2,1387.2,1234.3,0.0,54.9,432.3,172.0,67.0,864.4,807.0,800.7,432.2,481.7,593.4,646.2,672.4,596.2,803.5,895.2,996.2,522.9,1057.0,1436.3,455.6,510.8,463.8,588.4,547.5,556.0,589.6,626.6,600.6,570.8,668.2,1173.0,1194.8,1165.0,1043.2,1149.7,1094.0,506.8,558.9,602.4,598.3,523.4,1637.6,1409.5,1411.3,1364.3,1529.3,756.8,856.3,832.8,526.9,464.3
836.0,1325.0,1461.8,1702.5,405.4,432.3,585.1,526.2,517.3,655.1,709.4,751.3,1269.4,1142.4,936.8,521.8,876.0,804.3,751.3,1505.9,1568.9,1279.9,1261.8,911.3,915.3,319.0,849.0,1790.9,1752.4,1676.5,805.8,1761.6,1761.6,1713.9,1689.5,1305.5,1347.4,1392.8,1490.3,1583.8,1792.1,1442.1,1289.2,54.9,0.0,487.2,117.1,121.9,919.3,861.9,855.6,487.1,536.6,648.3,701.0,727.3,651.1,858.4,950.1,1051.1,577.7,1111.9,1491.2,510.5,565.7,518.7,643.3,602.4,610.9,644.5,681.5,655.4,625.7,723.1,1227.9,1249.7,1219.9,1098.1,1204.6,1148.9,561.6,613.8,657.3,653.2,578.3,1582.8,1718.8,1466.2,1419.2,1584.1,701.9,801.4,777.9,472.0,409.4
710.0,1921.6,2178.3,2419.0,892.5,919.5,953.8,1012.7,1004.5,1142.3,1302.5,1306.7,1928.1,1295.1,1089.4,1009.0,1431.3,1359.6,1306.7,1748.4,1811.3,1996.4,1978.4,1064.0,1068.0,806.1,1001.7,1943.6,1905.1,1829.2,958.5,1914.3,1914.3,1866.5,1842.2,2022.1,2063.9,2109.3,2206.8,2300.4,2349.1,1594.7,1441.9,432.3,487.2,0.0,604.3,365.3,1072.0,1014.5,1008.2,639.8,689.3,801.0,853.7,879.9,803.8,1002.2,1102.8,1203.7,730.4,1264.6,2207.7,663.2,718.4,671.4,796.0,755.1,763.6,797.2,834.1,808.1,778.4,875.8,1380.6,1402.4,1372.6,1250.8,1357.3,1301.5,714.3,766.5,810.0,805.9,731.0,1825.2,1961.3,2003.7,1571.9,1736.8,1189.1,1288.6,1265.0,959.1,896.6
718.9,939.8,1076.6,1317.3,288.3,315.2,468.0,409.1,400.2,538.0,592.3,634.2,884.2,757.2,1101.4,404.7,758.9,687.2,634.2,1388.8,1451.8,894.7,876.7,2093.8,2097.7,201.9,1189.1,1330.9,1292.4,1478.7,1146.7,1277.9,1277.9,1516.1,1491.7,920.3,962.2,1007.6,1105.1,1198.7,1247.4,1597.4,1750.2,1462.0,1516.9,1559.5,0.0,1395.0,822.8,880.3,886.6,1669.5,1719.1,1830.8,1883.5,1909.7,1833.5,2032.0,2132.6,2233.5,1760.2,2294.4,1106.0,1692.9,1748.2,1701.1,1213.8,1784.8,1793.4,1826.9,1863.9,1837.9,1808.1,1905.5,2410.4,2432.2,2402.3,2280.5,2387.1,2331.3,1281.7,1128.3,1084.9,1089.0,1163.8,1465.6,1601.7,1081.0,2601.6,3111.6,584.8,684.3,660.8,354.9,292.3
935.2,1203.1,1339.8,1580.6,527.3,554.2,707.0,648.1,639.2,777.1,831.4,873.2,1147.5,1020.5,814.8,643.7,997.9,926.2,873.2,1973.6,1264.2,1158.0,1139.9,789.4,793.4,440.9,727.1,1669.0,1630.5,1554.6,683.9,1639.7,1639.7,1591.9,1567.6,1183.6,1225.5,1270.9,1368.3,1461.9,1670.2,1320.2,1167.3,67.0,121.9,365.3,239.0,0.0,797.4,739.9,733.7,365.2,414.7,526.4,579.1,605.3,529.2,736.4,828.2,929.2,455.8,990.0,1369.3,388.6,443.8,396.8,521.4,480.5,489.0,522.6,559.6,533.5,503.8,601.2,1106.0,1127.8,1098.0,976.2,1082.7,1026.9,439.7,491.9,535.4,531.3,456.4,2050.5,1342.5,1344.3,1297.3,1462.2,823.8,923.3,899.8,593.9,531.3
896.8,405.7,542.4,783.1,534.6,507.6,610.0,551.0,422.6,284.8,230.5,234.6,350.1,223.1,567.2,418.1,359.3,287.6,234.6,529.8,466.8,360.6,342.5,1031.7,1035.6,1200.2,367.1,796.8,758.3,944.6,323.9,743.7,743.7,981.9,957.6,386.2,428.0,473.5,570.9,664.5,713.2,1063.2,1409.6,826.4,881.2,1033.9,998.4,759.3,0.0,57.5,63.8,607.5,657.0,768.7,821.4,847.6,771.5,969.9,1070.5,1171.4,698.1,1232.3,571.8,513.5,568.7,458.2,391.0,605.4,614.0,647.5,684.5,658.5,628.7,726.1,1348.3,1370.1,1340.2,1218.4,1325.0,1269.2,458.9,305.5,262.0,266.1,341.0,556.2,545.0,546.9,1539.6,1704.5,323.4,422.9,399.4,658.7,596.1
1546.5,463.2,599.9,840.6,592.0,565.1,667.4,608.5,480.1,342.2,288.0,292.1,407.6,280.6,624.7,475.6,416.8,345.1,292.1,587.3,524.3,418.0,400.0,974.2,978.2,1142.7,309.6,854.2,815.7,1002.0,266.4,801.2,801.2,1039.4,1015.1,443.7,485.5,530.9,628.4,722.0,770.7,1120.7,1352.1,768.9,823.8,976.5,940.9,701.9,57.5,0.0,6.3,550.0,599.5,711.2,763.9,790.2,714.0,912.5,1013.0,1114.0,640.6,1174.8,629.3,456.0,511.3,400.7,333.5,547.9,556.5,590.0,627.0,601.0,571.2,668.6,1290.8,1312.6,1282.8,1161.0,1267.5,1211.8,401.4,248.0,204.6,208.7,283.5,613.7,602.5,604.4,1482.1,1647.0,380.9,480.4,456.9,716.2,653.6
1540.2,469.5,606.2,846.9,598.3,571.4,673.7,614.8,486.4,348.5,294.2,298.4,413.9,286.9,631.0,481.9,423.1,351.4,298.4,593.5,530.6,424.3,406.3,967.9,971.9,1136.4,303.4,860.5,822.0,1008.3,260.1,807.5,807.5,1045.7,1021.4,450.0,491.8,537.2,634.7,728.3,777.0,1127.0,1345.8,762.6,817.5,970.2,934.6,695.6,63.8,6.3,0.0,543.7,593.2,704.9,757.7,783.9,707.7,906.2,1006.7,1107.7,634.4,1168.5,635.6,449.7,505.0,394.4,327.2,541.6,550.2,583.8,620.7,594.7,564.9,662.3,1284.5,1306.3,1276.5,1154.7,1261.2,1205.5,395.1,241.7,198.3,202.4,277.2,620.0,608.8,610.7,1475.8,1640.7,387.2,486.7,463.2,722.5,659.9
1193.2,959.4,1096.1,1512.4,875.8,902.8,1055.6,996.7,987.8,838.5,784.2,788.3,903.8,776.8,571.1,992.3,913.0,841.3,788.3,1083.5,1020.5,914.2,896.2,424.3,428.2,789.4,483.4,1303.8,1265.3,1189.4,440.2,1274.5,1274.5,1226.8,1202.4,939.9,981.7,1027.1,1124.6,1400.9,1305.0,955.0,802.1,415.6,470.5,623.2,587.6,348.6,553.7,496.2,489.9,0.0,49.5,161.3,214.0,240.2,164.0,559.2,463.0,564.0,90.7,624.9,1125.5,144.8,200.1,153.0,277.7,236.7,245.3,278.8,315.8,289.8,260.0,357.4,740.8,762.6,732.8,611.0,717.5,661.8,196.0,248.2,291.6,287.5,212.7,1109.9,1098.7,1100.6,932.1,1097.1,877.1,976.6,953.1,942.5,879.9
1242.7,1008.9,1145.6,1462.9,925.4,952.3,1105.1,1046.2,1037.3,888.0,833.7,837.9,953.3,826.3,620.6,1041.8,962.5,890.8,837.9,1133.0,1070.0,963.8,945.7,374.7,378.7,839.0,532.9,1254.3,1215.8,1139.9,489.7,1225.0,1225.0,1177.3,1152.9,989.4,1031.3,1076.7,1397.8,1351.4,1255.5,905.5,752.6,465.1,520.0,672.7,637.1,398.1,603.2,545.7,539.4,49.5,0.0,111.7,164.4,190.6,114.5,608.7,413.5,514.5,41.1,575.3,1175.1,194.4,249.6,202.6,327.2,286.3,294.8,328.4,365.3,339.3,309.5,406.9,691.3,713.1,683.3,561.5,668.0,612.3,245.5,297.7,341.2,337.1,262.2,1159.4,1148.3,1150.1,882.6,1047.5,926.6,1026.1,1002.6,992.0,929.4
1354.4,1120.6,1314.5,1351.2,1037.1,1064.0,1216.9,1157.9,1149.0,999.7,945.4,949.6,1065.0,938.0,732.4,1153.6,1074.3,1002.5,949.6,1244.7,1181.7,1075.5,1057.4,263.0,266.9,950.7,644.7,1142.6,1104.1,1028.2,601.4,1113.3,1113.3,1065.5,1041.2,1101.1,1143.0,1188.4,1286.0,1239.6,1143.8,793.7,640.9,576.8,631.7,784.4,748.8,509.8,714.9,657.5,651.2,161.3,111.7,0.0,52.7,78.9,2.8,720.4,301.8,402.7,70.6,463.6,1356.3,306.1,361.3,314.3,438.9,398.0,406.5,440.1,477.1,451.1,421.3,518.7,579.6,601.4,571.5,449.7,556.3,500.5,357.2,409.4,452.9,448.8,373.9,1271.1,1260.0,1261.8,770.9,935.8,1038.4,1137.9,1114.3,1103.7,1041.2
1407.1,1173.3,1261.8,1298.4,1089.8,1116.8,1269.6,1210.6,1201.7,1052.4,998.1,1002.3,1117.7,990.8,785.1,1206.3,1127.0,1055.3,1002.3,1297.4,1234.5,1128.2,1110.2,210.3,214.2,1003.4,697.4,1089.8,1051.4,975.5,654.1,1060.5,1060.5,1012.8,988.5,1153.9,1376.2,1355.9,1233.3,1186.9,1091.0,741.0,588.2,629.6,684.4,837.1,801.5,562.5,767.7,710.2,703.9,214.0,164.4,52.7,0.0,26.2,50.0,737.2,249.1,350.0,123.3,410.9,1303.6,358.8,414.0,367.0,491.6,450.7,459.2,492.8,529.8,503.8,474.0,571.4,526.9,548.7,518.8,397.0,503.6,447.8,410.0,462.1,505.6,501.5,426.6,1323.9,1312.7,1314.5,718.1,883.1,1091.1,1190.6,1167.0,1156.4,1093.9
1433.3,1199.5,1235.6,1272.2,1116.0,1143.0,1295.8,1236.8,1228.0,1078.6,1024.3,1028.5,1143.9,1017.0,811.3,1232.5,1153.2,1081.5,1028.5,1323.6,1260.7,1154.4,1136.4,184.1,188.0,1029.6,723.6,1063.6,1025.1,949.3,680.3,1034.3,1034.3,986.6,962.3,1391.8,1350.0,1329.6,1207.1,1160.7,1064.8,714.8,562.0,655.8,710.7,863.3,827.8,588.7,793.9,736.4,730.1,240.2,190.6,78.9,26.2,0.0,76.2,711.0,222.9,323.8,149.5,384.7,1277.4,385.0,440.2,393.2,517.8,476.9,485.5,519.0,556.0,530.0,500.2,597.6,500.7,522.5,492.6,370.8,477.4,421.6,436.2,488.4,531.8,527.7,452.8,1350.1,1338.9,1340.7,691.9,856.9,1117.3,1216.8,1193.2,1182.6,1120.1
1357.2,1123.4,1311.8,1348.4,1039.9,1066.8,1219.6,1160.7,1151.8,1002.5,948.2,952.3,1067.8,940.8,735.1,1156.3,1077.0,1005.3,952.3,1247.5,1184.5,1078.3,1060.2,260.2,264.2,953.5,647.4,1139.8,1101.3,1025.4,604.2,1110.5,1110.5,1062.8,1038.4,1103.9,1145.7,1191.2,1283.3,1236.9,1141.0,791.0,638.1,579.6,634.5,787.2,751.6,512.6,717.7,660.2,653.9,164.0,114.5,2.8,50.0,76.2,0.0,723.2,299.0,400.0,73.3,460.8,1353.6,308.8,364.1,317.1,441.7,400.7,409.3,442.9,479.8,453.8,424.0,521.4,576.8,598.6,568.8,447.0,553.5,497.8,360.0,412.2,455.7,451.6,376.7,1273.9,1262.7,1264.6,768.1,933.0,1041.1,1140.6,1117.1,1106.5,1043.9
1584.5,1350.7,1473.4,1510.0,1263.7,1290.7,1443.5,1384.6,1375.7,1229.8,1175.5,1179.6,1295.1,1168.1,962.4,1380.2,1304.3,1232.6,1179.6,1474.8,1411.8,1305.5,1287.5,526.9,523.0,1177.3,874.7,1301.4,1262.9,1187.0,831.5,1272.1,1272.1,1224.4,1200.0,1331.2,1373.0,1418.4,1444.9,1398.5,1302.6,952.6,799.7,803.5,858.4,1014.5,975.5,736.4,945.0,887.5,881.2,512.7,562.3,674.0,726.7,752.9,676.7,0.0,638.6,561.6,603.4,622.4,1515.2,536.1,591.4,544.3,669.0,628.0,636.6,670.1,707.1,681.1,651.3,748.7,738.4,760.2,730.4,608.6,715.1,659.4,587.3,639.5,682.9,678.8,604.0,1501.2,1490.0,1491.9,941.0,824.6,1268.4,1367.9,1344.4,1330.3,1267.8
1656.2,1469.0,1163.2,1199.8,1338.9,1365.8,1518.6,1459.7,1450.8,1301.5,1247.2,1251.4,1413.4,1239.8,1034.1,1455.4,1376.0,1304.3,1251.4,1593.1,1530.1,1407.6,1389.6,111.6,115.6,1252.5,946.4,991.2,952.7,876.8,903.2,961.9,961.9,914.2,889.8,1319.4,1277.6,1257.2,1134.7,1088.3,992.4,642.4,489.5,878.6,933.5,1086.2,1050.6,811.6,1016.7,959.2,953.0,463.0,413.5,301.8,249.1,222.9,299.0,638.6,0.0,251.4,372.4,312.2,1205.0,607.9,663.1,616.1,740.7,699.8,708.3,741.9,778.9,752.8,723.1,820.5,428.2,450.0,420.2,298.4,404.9,349.2,659.0,711.2,754.7,750.6,675.7,1619.5,1608.4,1610.2,619.5,784.4,1340.2,1439.7,1416.1,1405.5,1342.9
1757.1,1210.9,905.1,941.7,1439.8,1466.8,1619.6,1560.7,1551.8,1402.4,1348.1,1352.3,1155.3,1224.4,1308.4,1556.3,1477.0,1405.3,1352.3,1335.0,1272.0,1149.5,1131.5,139.7,135.8,1353.4,1047.4,733.1,694.6,618.7,1004.2,703.8,703.8,656.1,631.7,1061.3,1019.5,999.1,876.6,830.2,734.3,384.3,366.6,979.6,1034.5,1187.1,1151.6,912.5,1117.7,1060.2,1053.9,564.0,514.5,402.7,350.0,323.8,400.0,561.6,251.4,0.0,473.3,187.2,946.9,708.8,764.0,717.0,841.6,800.7,809.3,842.8,879.8,853.8,824.0,921.4,176.9,198.7,168.8,47.0,153.6,97.8,760.0,812.2,855.6,851.5,776.6,1361.4,1350.3,1352.1,494.4,659.4,1441.1,1540.6,1517.1,1506.4,1443.9
1283.8,1050.0,1385.1,1421.7,966.5,993.5,1146.3,1087.3,1078.4,929.1,874.8,879.0,994.4,867.5,661.8,1083.0,1003.7,932.0,879.0,1174.1,1111.2,1004.9,986.9,333.6,337.5,880.1,574.1,1213.1,1174.7,1098.8,530.8,1183.8,1183.8,1136.1,1111.8,1030.6,1072.4,1117.8,1356.6,1310.2,1214.3,864.3,711.5,506.3,561.1,713.8,678.2,439.2,644.4,586.9,580.6,90.7,41.1,70.6,123.3,149.5,73.3,649.8,372.4,473.3,0.0,534.2,1216.2,235.5,290.7,243.7,368.3,327.4,335.9,369.5,406.5,380.5,350.7,448.1,650.2,672.0,642.1,520.3,626.9,571.1,286.7,338.8,382.3,378.2,303.3,1200.6,1189.4,1191.2,841.4,1006.4,967.8,1067.3,1043.7,1033.1,970.6
1818.0,1156.8,850.9,887.6,1500.7,1527.6,1680.5,1621.5,1612.6,1463.3,1409.0,1413.2,1101.2,1170.3,1254.2,1617.2,1537.9,1466.1,1413.2,1280.9,1217.9,1095.4,1077.3,200.6,196.7,1414.3,1108.2,679.0,640.5,564.6,1065.0,649.7,649.7,601.9,577.6,1007.2,965.3,945.0,822.4,776.0,680.2,330.1,177.3,1040.4,1095.3,1248.0,1212.4,973.4,1178.5,1121.1,1114.8,624.9,575.3,463.6,410.9,384.7,460.8,622.4,312.2,187.2,534.2,0.0,892.7,769.7,824.9,777.9,902.5,861.6,870.1,903.7,940.7,914.6,884.9,982.3,364.0,385.8,356.0,234.2,340.7,285.0,820.8,873.0,916.5,912.4,837.5,1307.3,1296.1,1298.0,307.3,472.2,1502.0,1601.5,1577.9,1567.3,1504.7
1540.8,335.2,124.4,282.5,817.7,790.8,1380.1,1439.1,705.8,567.9,513.6,517.8,279.6,348.7,432.7,701.3,642.5,570.8,517.8,459.3,396.4,273.9,255.8,1093.4,1089.4,1772.1,520.4,296.1,257.6,444.0,563.7,243.1,243.1,481.3,457.0,185.6,143.8,123.4,152.9,116.7,212.6,562.6,715.5,1398.2,1453.1,1605.8,1570.2,1331.2,571.8,629.3,635.6,1179.3,1228.8,1356.3,1303.6,1277.4,1353.6,1515.2,1205.0,946.9,1426.9,892.7,0.0,1085.3,1140.6,1030.1,962.8,1177.2,1185.8,1219.4,1256.3,1230.3,1200.5,1297.9,770.0,748.2,889.6,899.9,874.4,849.1,1030.7,877.3,833.9,838.0,912.9,485.8,474.6,476.4,1057.3,1222.3,606.6,706.1,682.6,941.9,879.3
1195.1,919.2,1055.9,1296.6,877.7,904.7,1057.5,998.6,989.7,798.3,744.0,748.1,863.6,736.6,530.9,994.2,872.8,801.1,748.1,1043.3,980.3,874.1,856.0,622.8,626.8,791.4,443.2,1502.4,1463.9,1388.0,400.0,1473.1,1473.1,1425.4,1401.0,899.7,941.5,987.0,1084.4,1178.0,1226.7,1153.6,1000.7,417.5,472.4,625.1,589.5,350.5,513.5,456.0,449.7,198.6,248.1,359.8,412.6,438.8,362.6,561.1,661.6,762.6,289.3,823.4,1085.3,0.0,55.2,36.8,237.5,91.9,100.5,134.0,171.0,145.0,115.2,212.6,939.4,961.2,931.4,809.6,916.1,860.4,79.7,208.0,251.4,247.3,172.5,1069.7,1058.5,1060.4,1130.7,1295.6,836.9,936.4,912.9,944.4,881.8
1250.3,974.4,1111.2,1351.9,933.0,959.9,1112.7,1053.8,1044.9,853.5,799.2,803.4,918.8,791.8,586.2,1049.5,928.0,856.3,803.4,1098.5,1035.5,929.3,911.2,678.1,682.0,846.6,498.4,1557.6,1519.2,1443.3,455.2,1528.3,1528.3,1480.6,1456.3,954.9,996.8,1042.2,1139.7,1233.2,1281.9,1208.8,1056.0,472.7,527.6,680.3,644.7,405.7,568.7,511.3,505.0,253.8,303.4,415.1,467.8,494.0,417.8,616.3,716.9,817.8,344.5,878.7,1140.6,55.2,0.0,92.0,292.7,36.7,45.2,124.2,161.1,135.1,105.3,202.7,994.7,1016.5,986.6,864.8,971.4,915.6,135.0,263.2,306.7,302.6,227.7,1124.9,1113.8,1115.6,1185.9,1350.9,892.2,991.7,968.1,999.6,937.0
